Batches:
Plate 28528_N
Plate 39630_N
Plate 28332
Plate 29178_N
Plate 19635 _CD8
Plate 36841

-------------------------
Mean Summaries:
Mean Summary Reference Dataset:
[-1.22730298e-16 -9.45161634e-16  6.79072446e-16 -1.40923030e-16
 -4.93188842e-16  3.96541215e-16 -9.24897863e-04  1.25255658e-02
  7.36979360e-03 -2.66605597e-03 -3.69307193e-02 -8.70437641e-03
 -2.54423243e-02 -2.33012865e-02  1.00688774e-01]
Mean Summary Plate 28528_N:
[-1.18255881e-16 -9.52159462e-16  7.08814317e-16 -1.51802499e-16
 -5.04657843e-16  3.89325361e-16  2.24886302e-02  3.57449992e-02
  4.79201128e-02  6.74117070e-03  9.83400504e-04  2.18609837e-02
  1.01976777e-02 -3.48251669e-02  1.28071512e-01]
Mean Summary Plate 39630_N:
[-5.01459512e-17 -7.78483307e-16  3.40553375e-16 -3.95708911e-17
 -4.28141250e-16  2.57286942e-16 -6.82506207e-02 -4.79285229e-02
 -5.60037752e-02 -2.64621699e-02 -3.39929791e-02 -2.21777737e-02
 -1.51126083e-02  1.66062618e-02  1.16564320e-01]
Mean Summary Plate 28332:
[-9.46247223e-17 -8.45103519e-16  4.77470110e-16 -7.94504704e-17
 -4.48565275e-16  3.23316331e-16 -1.10558305e-02 -2.80866714e-02
 -1.69860227e-02 -2.67534749e-02 -2.17828433e-02 -8.69416976e-03
 -3.57789316e-02  5.25790931e-03  1.39813591e-01]
Mean Summary Plate 29178_N:
[ 8.41300830e-17 -7.81851667e-16  3.37419676e-16 -5.56609040e-17
 -4.84023907e-16  1.48734914e-16  7.94286140e-03 -3.38175024e-03
 -1.13405167e-02  1.78772233e-02  1.97335239e-02  1.41247933e-02
  3.41010379e-02 -3.05604211e-02  1.49327861e-01]
Mean Summary Plate 19635 _CD8:
[ 5.06832515e-17 -6.84545805e-16  1.45295764e-16  1.42148426e-17
 -4.09596968e-16  1.09118333e-16 -9.31297586e-02 -5.29511401e-02
 -9.07221872e-02 -2.36567630e-02 -2.78699576e-02 -2.51668051e-02
 -2.79544258e-02  7.50065733e-02  1.43168504e-01]
Mean Summary Plate 36841:
[-7.49004178e-17 -8.77673882e-16  4.90960863e-16 -8.02450167e-17
 -4.59693750e-16  3.27036382e-16  6.36404665e-02  3.20904801e-02
  4.34089553e-02  3.13091217e-02  6.27914997e-02  1.12341070e-02
  3.54296941e-02  1.58653400e-02  1.24162022e-01]

-------------------------
MSE Difference in Means:
MSE Difference for Plate 28528_N: 0.0004896470209267407
MSE Difference for Plate 39630_N: 0.0009940950116874635
MSE Difference for Plate 28332: 0.00037387211837689143
MSE Difference for Plate 29178_N: 0.0007199771410910767
MSE Difference for Plate 19635 _CD8: 0.0023119976145423173
MSE Difference for Plate 36841: 0.001542472715489184

-------------------------
Std Summaries:
Std Summary Reference Dataset:
[1.74781285e-16 3.05490371e-16 4.01504887e-16 1.37790107e-16
 1.38816503e-16 2.20288381e-16 2.26785296e-01 2.61382984e-01
 2.97962272e-01 2.04015796e-01 1.80164762e-01 2.60836112e-01
 2.66238429e-01 2.07892877e-01 1.87927772e-01]
Std Summary Plate 28528_N:
[1.89166601e-16 3.02674157e-16 4.25300584e-16 1.43954534e-16
 1.46396473e-16 2.22764356e-16 2.11500766e-01 2.46909897e-01
 2.86972158e-01 2.13251189e-01 1.76918803e-01 2.85396862e-01
 2.74421490e-01 2.13390800e-01 1.91306865e-01]
Std Summary Plate 39630_N:
[1.45996958e-16 2.61048953e-16 3.84964434e-16 1.36784614e-16
 1.47671441e-16 1.42914901e-16 2.02908070e-01 2.27284409e-01
 3.01608230e-01 1.44127485e-01 2.01783597e-01 2.62473090e-01
 2.57167293e-01 1.80062304e-01 1.59986009e-01]
Std Summary Plate 28332:
[1.27965043e-16 2.34240980e-16 3.43977097e-16 1.16744760e-16
 1.14112421e-16 1.62458311e-16 1.85951472e-01 2.43693183e-01
 2.90475300e-01 1.61792344e-01 1.80965009e-01 2.72534380e-01
 2.60229144e-01 1.74190209e-01 1.83148300e-01]
Std Summary Plate 29178_N:
[1.87192093e-16 2.57493688e-16 3.64134539e-16 1.31503489e-16
 1.62286211e-16 1.36288480e-16 1.87759747e-01 2.59757662e-01
 2.85831059e-01 2.18189458e-01 1.75490174e-01 2.97106272e-01
 2.59570553e-01 1.58091618e-01 1.77750864e-01]
Std Summary Plate 19635 _CD8:
[1.70183591e-16 2.21193249e-16 2.97965960e-16 1.08005365e-16
 1.36025668e-16 1.43036785e-16 1.71584207e-01 1.90399445e-01
 2.81883599e-01 1.86771861e-01 1.58608547e-01 2.43451166e-01
 2.47825022e-01 2.07360149e-01 2.45789730e-01]
Std Summary Plate 36841:
[1.68747845e-16 2.58259053e-16 3.72028520e-16 1.32513680e-16
 1.45830105e-16 1.49915325e-16 1.94574476e-01 2.33647421e-01
 3.16598541e-01 1.72936036e-01 1.74165958e-01 2.74035795e-01
 2.85211329e-01 2.07777137e-01 1.76326123e-01]

-------------------------
MSE Difference in Standard Deviations:
MSE Difference for Plate 28528_N: 9.143578315119185e-05
MSE Difference for Plate 39630_N: 0.0004960239738209552
MSE Difference for Plate 28332: 0.0003434346266568113
MSE Difference for Plate 29178_N: 0.00038928439086419224
MSE Difference for Plate 19635 _CD8: 0.0008730633515998098
MSE Difference for Plate 36841: 0.00025499068550587285

-------------------------
1D TVD for each feature:
1D TVD for Plate 28528_N:
[0.13148285714285715, 0.16684571428571432, 0.26366666666666666, 0.13930476190476185, 0.12016857142857143, 0.15457571428571426, 0.16362857142857146, 0.11882666666666666, 0.18573285714285714, 0.10498666666666666, 0.21450238095238094, 0.2587114285714286, 0.15199047619047618, 0.12178571428571429, 0.14106190476190478]
Mean 1D TVD for Plate 28528_N:
0.1624847301587301
1D TVD for Plate 39630_N:
[0.4691475757575757, 0.6088024242424241, 1.1147821212121212, 0.9005248484848486, 0.7630542424242425, 0.783928787878788, 0.3374157575757576, 0.4654384848484848, 0.47697666666666666, 0.6341575757575758, 0.27806848484848484, 0.2692354545454545, 0.10201424242424242, 0.2810706060606061, 0.2908781818181818]
Mean 1D TVD for Plate 39630_N:
0.5183663636363637
1D TVD for Plate 28332:
[0.30106736842105264, 0.442859649122807, 0.6807968421052631, 0.6256947368421053, 0.46092561403508775, 0.46606824561403504, 0.2413442105263158, 0.3111231578947368, 0.3581778947368421, 0.5061975438596492, 0.22729684210526316, 0.16968982456140352, 0.14361912280701758, 0.13750877192982455, 0.16896684210526317]
Mean 1D TVD for Plate 28332:
0.34942244444444437
1D TVD for Plate 29178_N:
[1.0868312121212123, 0.7902818181818183, 1.1845566666666665, 0.8749109090909092, 0.7403690909090909, 1.3087233333333335, 0.21399060606060605, 0.4070763636363637, 0.4801069696969697, 0.19871484848484847, 0.2910096969696969, 0.2321018181818182, 0.22853151515151512, 0.3680627272727272, 0.3497548484848485]
Mean 1D TVD for Plate 29178_N:
0.5836681616161618
1D TVD for Plate 19635 _CD8:
[1.1719433333333331, 1.0956129824561405, 1.532301754385965, 1.3147870175438596, 1.0648828070175438, 1.3286377192982455, 0.6548252631578948, 0.6704457894736843, 0.5251391228070176, 0.3636824561403509, 0.42393333333333333, 0.37292614035087723, 0.2609335087719299, 0.6255405263157894, 0.2324005263157895]
Mean 1D TVD for Plate 19635 _CD8:
0.7758661520467836
1D TVD for Plate 36841:
[0.29541382113821135, 0.3639162601626016, 0.6163596747967479, 0.60758, 0.4684316260162602, 0.6096769918699187, 0.2900221138211382, 0.40598463414634145, 0.24261170731707316, 0.3644378048780488, 0.5451013008130081, 0.2084360162601626, 0.27020650406504065, 0.34089560975609756, 0.20324520325203252]
Mean 1D TVD for Plate 36841:
0.38882128455284554

-------------------------
2D TVD for each feature pair:
2D TVD for Plate 28528_N:
[[0.16329476190476191, 0.20808761904761905, 0.25112190476190477, 0.19191142857142857, 0.24944761904761906, 0.3108695238095238, 0.24155904761904762, 0.23798904761904763, 0.2147804761904762], [0.20808761904761908, 0.11852476190476194, 0.24026666666666663, 0.15871666666666667, 0.23515619047619046, 0.2899761904761905, 0.2098347619047619, 0.2213480952380953, 0.19562809523809524], [0.25112190476190477, 0.24026666666666668, 0.1848104761904762, 0.21133238095238097, 0.2711266666666667, 0.33079380952380955, 0.26522285714285715, 0.25571571428571427, 0.26592238095238097], [0.19191142857142857, 0.15871666666666667, 0.21133238095238097, 0.10426047619047621, 0.2314595238095238, 0.27746809523809524, 0.1908652380952381, 0.1769390476190476, 0.18756904761904764], [0.24944761904761908, 0.2351561904761905, 0.2711266666666667, 0.2314595238095238, 0.21427761904761908, 0.3333357142857143, 0.26174285714285717, 0.2575133333333333, 0.268992380952381], [0.3108695238095238, 0.2899761904761905, 0.33079380952380955, 0.27746809523809524, 0.3333357142857143, 0.2576666666666667, 0.3488938095238095, 0.3175342857142857, 0.29935999999999996], [0.24155904761904762, 0.2098347619047619, 0.26522285714285715, 0.1908652380952381, 0.26174285714285717, 0.34889380952380955, 0.15142666666666665, 0.2325052380952381, 0.21290809523809523], [0.2379890476190476, 0.22134809523809523, 0.25571571428571427, 0.17693904761904763, 0.25751333333333337, 0.31753428571428566, 0.2325052380952381, 0.11984333333333333, 0.21216285714285715], [0.2147804761904762, 0.19562809523809527, 0.26592238095238097, 0.1875690476190476, 0.268992380952381, 0.29936, 0.21290809523809523, 0.21216285714285715, 0.1407295238095238]]
Mean 2D TVD for Plate 28528_N:
0.23687589653145208
2D TVD for Plate 39630_N:
[[0.3368157575757576, 0.6665190909090909, 0.6704472727272728, 0.7017072727272726, 0.44830363636363635, 0.46546333333333334, 0.42065969696969696, 0.52647, 0.4317769696969697], [0.6665190909090909, 0.4633554545454546, 0.7475751515151514, 0.8285915151515151, 0.5681851515151515, 0.5920948484848485, 0.546999696969697, 0.6432481818181818, 0.5578427272727273], [0.6704472727272728, 0.7475751515151515, 0.47366121212121204, 0.7995148484848486, 0.5483736363636362, 0.5475112121212121, 0.5085575757575758, 0.5746709090909091, 0.5646669696969697], [0.7017072727272726, 0.8285915151515151, 0.7995148484848486, 0.6305196969696969, 0.7064645454545455, 0.7064342424242425, 0.661721515151515, 0.6987063636363636, 0.7029624242424243], [0.4483036363636364, 0.5681851515151515, 0.5483736363636363, 0.7064645454545455, 0.2778918181818182, 0.4201445454545455, 0.3118687878787879, 0.39345303030303025, 0.40138484848484846], [0.46546333333333334, 0.5920948484848485, 0.5475112121212121, 0.7064342424242425, 0.4201445454545455, 0.24713090909090912, 0.3350139393939394, 0.4218990909090909, 0.41986454545454543], [0.42065969696969696, 0.546999696969697, 0.5085575757575758, 0.6617215151515151, 0.3118687878787879, 0.3350139393939394, 0.09521969696969695, 0.3551251515151515, 0.31600757575757576], [0.52647, 0.6432481818181819, 0.5746709090909091, 0.6987063636363637, 0.39345303030303025, 0.42189909090909083, 0.3551251515151515, 0.27954999999999997, 0.42170575757575757], [0.4317769696969697, 0.5578427272727272, 0.5646669696969697, 0.7029624242424242, 0.40138484848484846, 0.41986454545454543, 0.31600757575757576, 0.42170575757575757, 0.2881551515151515]]
Mean 2D TVD for Plate 39630_N:
0.5229157014590348
2D TVD for Plate 28332:
[[0.24050824561403505, 0.4541938596491228, 0.4663864912280702, 0.5640159649122807, 0.3458101754385965, 0.3372073684210526, 0.3620240350877193, 0.3586842105263158, 0.3091942105263158], [0.45419385964912284, 0.3081647368421053, 0.5117852631578947, 0.6595777192982455, 0.4072619298245614, 0.40165877192982463, 0.42218614035087715, 0.4344826315789473, 0.36688192982456147], [0.46638649122807013, 0.5117852631578947, 0.34983210526315783, 0.652308947368421, 0.41167368421052636, 0.389290350877193, 0.4165884210526316, 0.4271824561403509, 0.3924894736842105], [0.5640159649122807, 0.6595777192982456, 0.6523089473684209, 0.504839298245614, 0.5628721052631578, 0.5451364912280702, 0.5376366666666668, 0.5411615789473684, 0.5440729824561403], [0.34581017543859655, 0.40726192982456144, 0.4116736842105263, 0.5628721052631579, 0.22352105263157895, 0.2957421052631579, 0.2848640350877193, 0.2794589473684211, 0.28762964912280703], [0.33720736842105264, 0.4016587719298246, 0.38929035087719294, 0.5451364912280703, 0.2957421052631579, 0.16497701754385963, 0.27498070175438594, 0.24629263157894735, 0.2504605263157895], [0.36202403508771935, 0.4221861403508772, 0.41658842105263155, 0.5376366666666667, 0.2848640350877193, 0.274980701754386, 0.14119947368421054, 0.2841221052631579, 0.25046], [0.3586842105263158, 0.43448263157894734, 0.4271824561403509, 0.5411615789473684, 0.27945894736842103, 0.24629263157894735, 0.2841221052631579, 0.1349180701754386, 0.2420491228070175], [0.3091942105263158, 0.3668819298245614, 0.39248947368421044, 0.5440729824561403, 0.28762964912280703, 0.2504605263157895, 0.25046, 0.2420491228070175, 0.16805561403508773]]
Mean 2D TVD for Plate 28332:
0.38606991336365604
2D TVD for Plate 29178_N:
[[0.21073, 0.5143609090909091, 0.622729393939394, 0.3005336363636363, 0.39053666666666664, 0.3466348484848485, 0.37466515151515156, 0.4543227272727272, 0.493139393939394], [0.5143609090909091, 0.39859909090909085, 0.5900515151515151, 0.47550606060606065, 0.53611, 0.5446818181818183, 0.5730084848484849, 0.583550606060606, 0.5764818181818182], [0.6227293939393939, 0.5900515151515151, 0.47780303030303034, 0.5097533333333333, 0.5778160606060606, 0.5642187878787879, 0.6212375757575757, 0.6146506060606061, 0.6631627272727273], [0.30053363636363634, 0.4755060606060606, 0.5097533333333333, 0.19678969696969695, 0.3782369696969697, 0.3273348484848485, 0.33115969696969694, 0.3905227272727273, 0.4005075757575758], [0.39053666666666664, 0.5361100000000001, 0.5778160606060605, 0.37823696969696974, 0.2901293939393939, 0.39570090909090905, 0.4376033333333334, 0.4824909090909091, 0.49121333333333334], [0.3466348484848485, 0.5446818181818182, 0.5642187878787879, 0.3273348484848485, 0.3957009090909091, 0.22640787878787877, 0.3510960606060606, 0.43265515151515144, 0.43322575757575754], [0.37466515151515156, 0.5730084848484849, 0.6212375757575758, 0.331159696969697, 0.43760333333333334, 0.35109606060606063, 0.22759030303030303, 0.4552912121212121, 0.41557333333333335], [0.45432272727272727, 0.583550606060606, 0.6146506060606061, 0.3905227272727273, 0.4824909090909091, 0.43265515151515155, 0.4552912121212121, 0.36780696969696974, 0.56159], [0.493139393939394, 0.5764818181818181, 0.6631627272727272, 0.40050757575757573, 0.4912133333333334, 0.43322575757575754, 0.41557333333333335, 0.56159, 0.34776909090909097]]
Mean 2D TVD for Plate 29178_N:
0.45884362139917695
2D TVD for Plate 19635 _CD8:
[[0.6540371929824562, 0.9511026315789475, 0.8931663157894736, 0.7249464912280701, 0.7704656140350877, 0.7520638596491229, 0.7121403508771931, 0.9055084210526316, 0.7074956140350876], [0.9511026315789475, 0.652207894736842, 0.9200942105263159, 0.7892528070175437, 0.812301754385965, 0.8243931578947368, 0.7604659649122807, 0.8818019298245614, 0.7092315789473684], [0.8931663157894736, 0.9200942105263159, 0.5206661403508772, 0.6364354385964912, 0.6785970175438596, 0.661972105263158, 0.6106659649122806, 0.8607115789473685, 0.5869480701754386], [0.7249464912280701, 0.7892528070175437, 0.6364354385964913, 0.36233631578947373, 0.5507128070175438, 0.5107526315789473, 0.4419352631578947, 0.6648331578947368, 0.4540526315789474], [0.7704656140350877, 0.812301754385965, 0.6785970175438596, 0.5507128070175438, 0.4072666666666666, 0.6254798245614035, 0.5078729824561404, 0.7353922807017543, 0.5341643859649122], [0.7520638596491228, 0.8243931578947368, 0.6619721052631579, 0.5107526315789473, 0.6254798245614035, 0.3648775438596491, 0.4803010526315789, 0.7620326315789474, 0.5420122807017543], [0.712140350877193, 0.7604659649122807, 0.6106659649122808, 0.4419352631578948, 0.5078729824561403, 0.48030105263157896, 0.25302719298245613, 0.7157128070175438, 0.4691824561403509], [0.9055084210526315, 0.8818019298245614, 0.8607115789473685, 0.6648331578947368, 0.7353922807017544, 0.7620326315789473, 0.7157128070175439, 0.6182614035087718, 0.7399289473684211], [0.7074956140350876, 0.7092315789473684, 0.5869480701754386, 0.4540526315789473, 0.5341643859649122, 0.5420122807017543, 0.4691824561403509, 0.7399289473684211, 0.22988526315789476]]
Mean 2D TVD for Plate 19635 _CD8:
0.6645780203595408
2D TVD for Plate 36841:
[[0.28617455284552845, 0.6150959349593497, 0.4679870731707317, 0.5168724390243902, 0.6012793495934959, 0.4065348780487805, 0.5096224390243902, 0.49628569105691056, 0.39860292682926823], [0.6150959349593497, 0.39521813008130074, 0.6062928455284553, 0.5846470731707318, 0.6269019512195122, 0.49565495934959347, 0.5854316260162602, 0.5788361788617885, 0.48411593495934957], [0.4679870731707317, 0.6062928455284552, 0.23930357723577236, 0.4988219512195122, 0.5736945528455285, 0.3793582113821138, 0.4810313821138211, 0.4786036585365853, 0.3901078861788618], [0.5168724390243902, 0.5846470731707317, 0.4988219512195122, 0.36069105691056913, 0.6396890243902439, 0.4228826829268293, 0.46711382113821137, 0.5055398373983739, 0.43958642276422766], [0.6012793495934959, 0.6269019512195122, 0.5736945528455285, 0.6396890243902439, 0.5429390243902439, 0.6312563414634146, 0.6527075609756098, 0.601099674796748, 0.5881556910569106], [0.4065348780487805, 0.49565495934959347, 0.3793582113821138, 0.4228826829268293, 0.6312563414634146, 0.20310455284552845, 0.41604845528455286, 0.41938756097560975, 0.31348260162601627], [0.5096224390243902, 0.5854316260162602, 0.4810313821138211, 0.4671138211382113, 0.6527075609756097, 0.4160484552845529, 0.26989723577235775, 0.4618813008130081, 0.3335659349593496], [0.49628569105691056, 0.5788361788617886, 0.47860365853658543, 0.5055398373983739, 0.6010996747967481, 0.41938756097560975, 0.4618813008130081, 0.3299108130081301, 0.41224357723577243], [0.39860292682926834, 0.48411593495934957, 0.3901078861788618, 0.43958642276422766, 0.5881556910569106, 0.31348260162601627, 0.3335659349593496, 0.41224357723577243, 0.20011764227642273]]
Mean 2D TVD for Plate 36841:
0.48133574626116626

-------------------------
Average Cluster Distance:
Average Cluster Distance for Plate 28528_N: 0.009091274539505437
Average Cluster Distance for Plate 39630_N: 0.014180979019674888
Average Cluster Distance for Plate 28332: 0.006546295931544027
Average Cluster Distance for Plate 29178_N: 0.016832168013305778
Average Cluster Distance for Plate 19635 _CD8: 0.022831124340920116
Average Cluster Distance for Plate 36841: 0.015632534947564572
