Batches:
Plate 28528_N
Plate 39630_N
Plate 28332
Plate 29178_N
Plate 19635 _CD8
Plate 36841

-------------------------
Mean Summaries:
Mean Summary Reference Dataset:
[0.32636277 0.25743702 0.31257796 0.48556996 0.44767589 0.26263541
 0.34603403 0.3238464  0.40767798 0.18322632 0.19437384 0.15624587
 0.2354186  0.5205499  0.10068877]
Mean Summary Plate 28528_N:
[0.32729159 0.26879686 0.29964993 0.50147016 0.47470597 0.2567492
 0.3531222  0.32844579 0.42068952 0.19011838 0.2360496  0.17853266
 0.26643696 0.49554341 0.12807151]
Mean Summary Plate 39630_N:
[0.3024083  0.23241913 0.31765255 0.2920279  0.2546741  0.28109458
 0.30071254 0.30482991 0.41340581 0.15221181 0.15431969 0.17275745
 0.25073925 0.56923526 0.11656432]
Mean Summary Plate 28332:
[0.29852116 0.23608486 0.31319053 0.37335767 0.33695736 0.27174525
 0.34540582 0.30407858 0.41908886 0.15163982 0.18317389 0.17479734
 0.22690785 0.54634429 0.13981359]
Mean Summary Plate 29178_N:
[0.37788827 0.30808854 0.30372929 0.28825826 0.25187766 0.2779824
 0.37651552 0.35320856 0.46580156 0.21205039 0.21387063 0.20068863
 0.31071138 0.5633536  0.14932786]
Mean Summary Plate 19635 _CD8:
[0.28929027 0.2638661  0.27135558 0.20832472 0.17596076 0.28534018
 0.2355942  0.26947652 0.34261181 0.1436498  0.13862288 0.16337062
 0.2260961  0.60326783 0.1431685 ]
Mean Summary Plate 36841:
[0.32842395 0.24794922 0.32525239 0.38950486 0.33295301 0.28763962
 0.43337389 0.37648403 0.49599028 0.22011164 0.27424816 0.19443347
 0.30199501 0.58505038 0.12416202]

-------------------------
MSE Difference in Means:
MSE Difference for Plate 28528_N: 0.0004116117689937717
MSE Difference for Plate 39630_N: 0.0056279189421736785
MSE Difference for Plate 28332: 0.002028122220634117
MSE Difference for Plate 29178_N: 0.0067350519951190875
MSE Difference for Plate 19635 _CD8: 0.012478006712515262
MSE Difference for Plate 36841: 0.003987362949935197

-------------------------
Std Summaries:
Std Summary Reference Dataset:
[0.15145155 0.10125322 0.05342439 0.27818559 0.21143922 0.08663596
 0.23472107 0.26979534 0.31344985 0.20725844 0.19067782 0.26484004
 0.26836192 0.2441989  0.18792777]
Std Summary Plate 28528_N:
[0.16095265 0.11121932 0.04754839 0.28397008 0.22865534 0.07062011
 0.22458075 0.26168046 0.31747068 0.21877287 0.19105154 0.29111483
 0.27797392 0.2627456  0.19130687]
Std Summary Plate 39630_N:
[0.17428298 0.11728968 0.057148   0.2259211  0.18203446 0.06693512
 0.20749578 0.23447471 0.31543216 0.14224061 0.19905481 0.26463301
 0.2608059  0.20102012 0.15998601]
Std Summary Plate 28332:
[0.12255688 0.08175735 0.04345368 0.21657014 0.17424898 0.04816476
 0.18837062 0.25098538 0.30527065 0.16021033 0.1862086  0.27374663
 0.26039019 0.1989035  0.1831483 ]
Std Summary Plate 29178_N:
[0.18986517 0.14802186 0.03641749 0.22688059 0.17990662 0.05049441
 0.19394088 0.26800477 0.30251713 0.22832408 0.19291996 0.30366153
 0.26125734 0.18639883 0.17775086]
Std Summary Plate 19635 _CD8:
[0.15632627 0.12502396 0.04035788 0.18988173 0.14372983 0.05473386
 0.17294803 0.19580076 0.2925486  0.18452747 0.16029921 0.24793287
 0.24981194 0.22961277 0.24578973]
Std Summary Plate 36841:
[0.18463019 0.12414274 0.04947055 0.22891549 0.17593049 0.05513252
 0.19988873 0.23876632 0.32202302 0.18827282 0.19133292 0.27424333
 0.28515006 0.23988345 0.17632612]

-------------------------
MSE Difference in Standard Deviations:
MSE Difference for Plate 28528_N: 0.00015108026408733978
MSE Difference for Plate 39630_N: 0.0009179411739151576
MSE Difference for Plate 28332: 0.0009995989791715424
MSE Difference for Plate 29178_N: 0.0010747605776028442
MSE Difference for Plate 19635 _CD8: 0.0019678440073281405
MSE Difference for Plate 36841: 0.0006303482057556253

-------------------------
1D TVD for each feature:
1D TVD for Plate 28528_N:
[0.1628395238095238, 0.13229619047619046, 0.32887952380952384, 0.17406428571428573, 0.2678419047619047, 0.19116428571428573, 0.11872904761904762, 0.1386014285714286, 0.09270761904761905, 0.12386714285714286, 0.2116752380952381, 0.29498285714285716, 0.16011809523809523, 0.22823714285714286, 0.14106190476190478]
Mean 1D TVD for Plate 28528_N:
0.18447107936507937
1D TVD for Plate 39630_N:
[0.28013909090909095, 0.4710869696969697, 0.16464909090909094, 0.829650606060606, 1.2340124242424242, 0.5137375757575758, 0.3083181818181818, 0.5643142424242424, 0.21174030303030303, 0.7298139393939395, 0.1931148484848485, 0.11890242424242425, 0.11910030303030304, 0.42535606060606057, 0.2908781818181818]
Mean 1D TVD for Plate 39630_N:
0.4303209494949495
1D TVD for Plate 28332:
[0.26154333333333335, 0.29106491228070175, 0.3001066666666667, 0.4641664912280702, 0.7624770175438597, 0.69887649122807, 0.2623414035087719, 0.38580017543859646, 0.32209105263157894, 0.5863566666666666, 0.14035508771929822, 0.07841771929824562, 0.18622684210526316, 0.23154719298245613, 0.16896684210526317]
Mean 1D TVD for Plate 28332:
0.3426891929824561
1D TVD for Plate 29178_N:
[0.5289712121212121, 0.6870054545454546, 0.5536751515151516, 0.9422884848484849, 1.3086636363636361, 0.7455484848484848, 0.21683090909090907, 0.27449666666666667, 0.23845818181818182, 0.25184454545454543, 0.09084636363636364, 0.26067575757575756, 0.2916021212121212, 0.3530012121212121, 0.3497548484848485]
Mean 1D TVD for Plate 29178_N:
0.4729108686868687
1D TVD for Plate 19635 _CD8:
[0.5906807017543859, 1.0627849122807016, 1.0895257894736843, 1.2616840350877192, 1.5417426315789475, 0.7256999999999999, 0.7481029824561404, 0.830488947368421, 0.4697807017543859, 0.4774717543859649, 0.4537852631578948, 0.3701971929824561, 0.3257747368421053, 0.6738222807017542, 0.2324005263157895]
Mean 1D TVD for Plate 19635 _CD8:
0.72359616374269
1D TVD for Plate 36841:
[0.36307170731707317, 0.3916533333333333, 0.35932512195121946, 0.390580081300813, 0.6928756097560975, 0.7306952032520325, 0.33478804878048785, 0.5045504878048781, 0.2690569918699187, 0.3519458536585366, 0.37151756097560973, 0.1857846341463415, 0.25871707317073167, 0.6063465040650408, 0.20324520325203252]
Mean 1D TVD for Plate 36841:
0.4009435609756098

-------------------------
2D TVD for each feature pair:
2D TVD for Plate 28528_N:
[[0.11759619047619047, 0.20638714285714282, 0.16273619047619048, 0.17373809523809525, 0.24589809523809522, 0.3272761904761905, 0.21208809523809524, 0.30639428571428573, 0.19311285714285714], [0.20638714285714288, 0.13646666666666668, 0.1986614285714286, 0.19718999999999998, 0.26578761904761905, 0.33073285714285716, 0.22140857142857143, 0.3086942857142857, 0.22593095238095237], [0.16273619047619048, 0.19866142857142857, 0.09128476190476191, 0.15839666666666669, 0.23588142857142858, 0.3072757142857143, 0.18832952380952384, 0.2787304761904762, 0.20994285714285715], [0.17373809523809525, 0.19719, 0.15839666666666669, 0.12271523809523807, 0.24674809523809527, 0.32654571428571433, 0.20591142857142858, 0.2656747619047619, 0.1878657142857143], [0.24589809523809525, 0.26578761904761905, 0.23588142857142858, 0.24674809523809524, 0.2107666666666667, 0.42078571428571426, 0.28790809523809524, 0.32679904761904766, 0.2543333333333333], [0.3272761904761905, 0.33073285714285716, 0.3072757142857143, 0.32654571428571433, 0.42078571428571426, 0.2903961904761905, 0.3586904761904762, 0.3795466666666667, 0.3275633333333333], [0.21208809523809524, 0.22140857142857145, 0.18832952380952384, 0.20591142857142858, 0.28790809523809524, 0.3586904761904762, 0.15992619047619047, 0.2820257142857142, 0.2176452380952381], [0.30639428571428573, 0.3086942857142857, 0.2787304761904762, 0.2656747619047619, 0.3267990476190476, 0.3795466666666667, 0.2820257142857143, 0.2267452380952381, 0.3231414285714286], [0.19311285714285714, 0.22593095238095237, 0.20994285714285715, 0.1878657142857143, 0.25433333333333336, 0.3275633333333333, 0.2176452380952381, 0.3231414285714286, 0.1407295238095238]]
Mean 2D TVD for Plate 28528_N:
0.2497306525573192
2D TVD for Plate 39630_N:
[[0.3064893939393939, 0.7727569696969696, 0.5719366666666668, 0.8068824242424243, 0.3781575757575758, 0.36167666666666665, 0.3933772727272727, 0.6635966666666666, 0.4468427272727273], [0.7727569696969697, 0.551149393939394, 0.6669818181818182, 0.9618657575757575, 0.6338736363636364, 0.6096275757575758, 0.5891660606060606, 0.8168269696969697, 0.6302718181818182], [0.5719366666666666, 0.6669818181818181, 0.2112560606060606, 0.7933796969696969, 0.31014515151515154, 0.2830560606060606, 0.28962333333333334, 0.5691281818181818, 0.3614272727272727], [0.8068824242424242, 0.9618657575757577, 0.7933796969696969, 0.7274787878787878, 0.7511584848484849, 0.7527393939393939, 0.7477139393939394, 0.8390118181818181, 0.7921148484848484], [0.37815757575757575, 0.6338736363636364, 0.31014515151515154, 0.7511584848484849, 0.19284636363636365, 0.27565121212121213, 0.2615551515151515, 0.47274939393939397, 0.35464606060606063], [0.36167666666666665, 0.6096275757575758, 0.2830560606060606, 0.7527393939393939, 0.27565121212121213, 0.10255424242424241, 0.23431999999999997, 0.4754184848484848, 0.3470254545454546], [0.39337727272727274, 0.5891660606060607, 0.28962333333333334, 0.7477139393939394, 0.2615551515151515, 0.23431999999999997, 0.11714606060606061, 0.4791996969696969, 0.3283748484848485], [0.6635966666666667, 0.8168269696969698, 0.5691281818181818, 0.8390118181818181, 0.47274939393939397, 0.47541848484848487, 0.47919969696969705, 0.4081427272727272, 0.5469460606060605], [0.4468427272727272, 0.6302718181818181, 0.3614272727272727, 0.7921148484848485, 0.3546460606060606, 0.3470254545454545, 0.32837484848484844, 0.5469460606060605, 0.2881551515151515]]
Mean 2D TVD for Plate 39630_N:
0.5190576356154134
2D TVD for Plate 28332:
[[0.26162, 0.5297126315789473, 0.4845677192982456, 0.6799417543859649, 0.33831491228070176, 0.3270610526315789, 0.42340982456140347, 0.3792691228070175, 0.3323066666666667], [0.5297126315789474, 0.37906052631578946, 0.5350807017543859, 0.7941717543859649, 0.435250350877193, 0.4359638596491228, 0.4888724561403509, 0.5114649122807017, 0.42654596491228075], [0.4845677192982456, 0.5350807017543859, 0.3135887719298246, 0.7442264912280703, 0.3724508771929824, 0.35019035087719297, 0.41801175438596494, 0.44870631578947373, 0.3588935087719298], [0.6799417543859649, 0.794171754385965, 0.7442264912280702, 0.5844343859649123, 0.6107754385964912, 0.5900045614035088, 0.6276729824561402, 0.6430584210526316, 0.6164187719298245], [0.33831491228070176, 0.43525035087719294, 0.3724508771929825, 0.6107754385964912, 0.1347157894736842, 0.18611807017543858, 0.2736043859649123, 0.28594912280701756, 0.24191912280701752], [0.3270610526315789, 0.43596385964912276, 0.35019035087719297, 0.5900045614035088, 0.18611807017543858, 0.07614859649122807, 0.3017321052631579, 0.2761112280701754, 0.20594350877192982], [0.4234098245614035, 0.4888724561403509, 0.41801175438596494, 0.6276729824561403, 0.27360438596491227, 0.3017321052631579, 0.1818222807017544, 0.39128666666666667, 0.28590052631578944], [0.3792691228070176, 0.5114649122807018, 0.44870631578947373, 0.6430584210526316, 0.2859491228070175, 0.27611122807017546, 0.39128666666666667, 0.19884228070175441, 0.28841438596491226], [0.33230666666666664, 0.4265459649122807, 0.3588935087719298, 0.6164187719298245, 0.24191912280701755, 0.2059435087719298, 0.28590052631578944, 0.28841438596491226, 0.16805561403508773]]
Mean 2D TVD for Plate 28332:
0.41453003465453764
2D TVD for Plate 29178_N:
[[0.21640484848484848, 0.3663121212121212, 0.38907757575757573, 0.31239333333333336, 0.2513251515151515, 0.3716224242424243, 0.43042848484848484, 0.5160669696969697, 0.49384787878787884], [0.3663121212121212, 0.2740336363636363, 0.3169469696969697, 0.38468727272727277, 0.3249275757575758, 0.47481000000000007, 0.51565, 0.5051351515151516, 0.5055254545454546], [0.38907757575757573, 0.31694696969696967, 0.23773818181818185, 0.35612030303030306, 0.29063636363636364, 0.46456969696969697, 0.5147739393939395, 0.4778978787878788, 0.48874757575757577], [0.3123933333333333, 0.38468727272727277, 0.35612030303030306, 0.2484521212121212, 0.2623518181818182, 0.4192948484848485, 0.4137763636363636, 0.40103727272727274, 0.41190757575757575], [0.2513251515151515, 0.32492757575757575, 0.29063636363636364, 0.2623518181818182, 0.08619818181818183, 0.3080236363636364, 0.3304327272727273, 0.38942, 0.3882987878787879], [0.3716224242424242, 0.47481, 0.46456969696969697, 0.4192948484848485, 0.3080236363636364, 0.25617636363636365, 0.406589696969697, 0.4795924242424242, 0.45748636363636364], [0.43042848484848484, 0.51565, 0.5147739393939395, 0.4137763636363636, 0.3304327272727273, 0.40658969696969693, 0.2914045454545454, 0.5336081818181817, 0.4408439393939394], [0.5160669696969697, 0.5051351515151515, 0.4778978787878788, 0.40103727272727274, 0.38942, 0.4795924242424242, 0.5336081818181818, 0.34584333333333334, 0.5926584848484848], [0.49384787878787884, 0.5055254545454545, 0.48874757575757577, 0.41190757575757575, 0.38829878787878785, 0.45748636363636364, 0.4408439393939394, 0.5926584848484848, 0.34776909090909097]]
Mean 2D TVD for Plate 29178_N:
0.39848973812196037
2D TVD for Plate 19635 _CD8:
[[0.745127894736842, 1.185337543859649, 1.0296998245614035, 0.8375956140350878, 0.8718307017543859, 0.8250289473684211, 0.8152840350877193, 1.0916870175438596, 0.7988328070175439], [1.1853375438596492, 0.8258422807017545, 0.9946628070175438, 1.0200033333333334, 1.0134170175438597, 0.9289614035087719, 0.9119787719298247, 1.04724, 0.8765850877192982], [1.0296998245614035, 0.9946628070175438, 0.4649919298245614, 0.6923705263157894, 0.6833207017543859, 0.6132264912280702, 0.5845791228070176, 0.8418771929824562, 0.5539347368421053], [0.8375956140350878, 1.0200033333333332, 0.6923705263157895, 0.4734001754385964, 0.6527024561403509, 0.6016664912280703, 0.567080701754386, 0.7733835087719299, 0.5488364912280701], [0.871830701754386, 1.0134170175438597, 0.6833207017543861, 0.6527024561403509, 0.4420063157894737, 0.7256750877192982, 0.5945928070175439, 0.8350940350877192, 0.5499412280701754], [0.8250289473684211, 0.9289614035087719, 0.6132264912280703, 0.6016664912280701, 0.7256750877192982, 0.36262982456140347, 0.5280885964912281, 0.786649649122807, 0.5460263157894737], [0.8152840350877193, 0.9119787719298246, 0.5845791228070175, 0.567080701754386, 0.5945928070175439, 0.5280885964912281, 0.32366526315789473, 0.7710903508771929, 0.4938422807017544], [1.0916870175438596, 1.0472400000000002, 0.8418771929824561, 0.7733835087719299, 0.8350940350877193, 0.7866496491228071, 0.7710903508771929, 0.6659391228070175, 0.8015085964912281], [0.7988328070175439, 0.8765850877192982, 0.5539347368421053, 0.5488364912280702, 0.5499412280701754, 0.5460263157894737, 0.4938422807017544, 0.8015085964912281, 0.22988526315789476]]
Mean 2D TVD for Plate 19635 _CD8:
0.7471697855750488
2D TVD for Plate 36841:
[[0.332540243902439, 0.6709156097560975, 0.4239729268292683, 0.5708535772357723, 0.5210105691056911, 0.44540398373983736, 0.5702377235772358, 0.6562490243902439, 0.4459350406504065], [0.6709156097560975, 0.4905442276422764, 0.6422410569105691, 0.6808546341463415, 0.6649890243902439, 0.5834724390243903, 0.6852615447154471, 0.8139856910569105, 0.5780522764227642], [0.4239729268292683, 0.6422410569105691, 0.26839715447154466, 0.5067255284552845, 0.4822935772357723, 0.4178013821138211, 0.5192825203252034, 0.6380870731707317, 0.41825056910569103], [0.5708535772357723, 0.6808546341463415, 0.5067255284552845, 0.3497119512195122, 0.5328617073170732, 0.3985430081300813, 0.44510227642276423, 0.6914882113821137, 0.42654081300813007], [0.5210105691056911, 0.6649890243902439, 0.4822935772357724, 0.5328617073170732, 0.3705527642276423, 0.5115883739837398, 0.5383226016260163, 0.6921162601626016, 0.43745276422764223], [0.44540398373983736, 0.5834724390243902, 0.4178013821138211, 0.39854300813008137, 0.5115883739837398, 0.15680756097560974, 0.36393219512195124, 0.6604178048780488, 0.2835227642276423], [0.5702377235772358, 0.6852615447154472, 0.5192825203252033, 0.44510227642276423, 0.5383226016260163, 0.36393219512195124, 0.2578369918699187, 0.736450081300813, 0.3163786178861789], [0.6562490243902439, 0.8139856910569107, 0.6380870731707318, 0.6914882113821138, 0.6921162601626015, 0.6604178048780488, 0.7364500813008129, 0.5896882113821138, 0.6362808130081301], [0.44593504065040646, 0.5780522764227642, 0.4182505691056911, 0.4265408130081301, 0.43745276422764234, 0.2835227642276423, 0.3163786178861789, 0.6362808130081301, 0.20011764227642273]]
Mean 2D TVD for Plate 36841:
0.5213573441734418

-------------------------
Average Cluster Distance:
Average Cluster Distance for Plate 28528_N: 0.022722793251185362
Average Mahalanobis Shift for Plate 28528_N: 0.10227726600736535
Average Cluster Distance for Plate 39630_N: 0.016054869139492327
Average Mahalanobis Shift for Plate 39630_N: 0.15882234034287204
Average Cluster Distance for Plate 28332: 0.021662836395897105
Average Mahalanobis Shift for Plate 28332: 0.17328070495220735
Average Cluster Distance for Plate 29178_N: 0.034596037636915974
Average Mahalanobis Shift for Plate 29178_N: 0.19714063062701545
Average Cluster Distance for Plate 19635 _CD8: 0.022023383340736613
Average Mahalanobis Shift for Plate 19635 _CD8: 0.17411250036594472
Average Cluster Distance for Plate 36841: 0.028150111674533882
Average Mahalanobis Shift for Plate 36841: 0.24717934536942152
