Batches:
Plate 28528_N
Plate 39630_N
Plate 28332
Plate 29178_N
Plate 19635 _CD8
Plate 36841

-------------------------
Mean Summaries:
Mean Summary Reference Dataset:
[0.32736472 0.25831707 0.3122724  0.49290686 0.45565315 0.26187461
 0.34241912 0.32094542 0.40324623 0.18302666 0.19546896 0.15326231
 0.23275863 0.51681922 0.10113678]
Mean Summary Plate 28528_N:
[0.33198525 0.27255775 0.2996955  0.51081493 0.48358403 0.2566641
 0.34648781 0.32445742 0.40904054 0.18358431 0.19277387 0.16084212
 0.233632   0.51553751 0.10147025]
Mean Summary Plate 39630_N:
[0.30123146 0.23175433 0.31711119 0.2902869  0.25299432 0.28149844
 0.34825283 0.3232138  0.40331027 0.19055952 0.19863314 0.159217
 0.22553009 0.51059042 0.09329559]
Mean Summary Plate 28332:
[0.29991218 0.23698967 0.31340938 0.37463975 0.33781316 0.27192903
 0.34832482 0.32619562 0.40961981 0.19345052 0.19806275 0.15744105
 0.23215013 0.52005245 0.095916  ]
Mean Summary Plate 29178_N:
[0.37874689 0.30869762 0.30376998 0.28822197 0.25138135 0.27846699
 0.34719306 0.33361863 0.42187996 0.19181136 0.19456019 0.16548178
 0.23274707 0.49771603 0.09695688]
Mean Summary Plate 19635 _CD8:
[0.29072895 0.26493892 0.27154672 0.21221258 0.17875303 0.28577359
 0.32977896 0.30791392 0.37922959 0.17647546 0.19541373 0.16054305
 0.22099899 0.51707317 0.09957506]
Mean Summary Plate 36841:
[0.33020426 0.24920895 0.32532731 0.39109484 0.33392999 0.2879016
 0.36026782 0.33647849 0.43688712 0.18006458 0.19455351 0.16090983
 0.22810074 0.52352259 0.08936981]

-------------------------
MSE Difference in Means:
MSE Difference for Plate 28528_N: 0.00010935426893815351
MSE Difference for Plate 39630_N: 0.005614427569745558
MSE Difference for Plate 28332: 0.0019638832984787036
MSE Difference for Plate 29178_N: 0.006019275445984687
MSE Difference for Plate 19635 _CD8: 0.010681456185744804
MSE Difference for Plate 36841: 0.0018723881519902533

-------------------------
Std Summaries:
Std Summary Reference Dataset:
[0.15458243 0.10339952 0.05419973 0.28247173 0.21587251 0.08694584
 0.23616094 0.26975495 0.31324693 0.20743852 0.19009574 0.26363411
 0.26751689 0.25002128 0.1881165 ]
Std Summary Plate 28528_N:
[0.16597663 0.11559005 0.04801483 0.28784799 0.2325374  0.07030614
 0.21925829 0.25890349 0.31086072 0.21321772 0.18754985 0.27600087
 0.27455248 0.25555272 0.18393019]
Std Summary Plate 39630_N:
[0.17541695 0.11809859 0.05812806 0.22675411 0.18317469 0.06892142
 0.22079324 0.26271853 0.32963609 0.16179026 0.22011581 0.27975546
 0.2790851  0.23377979 0.18040005]
Std Summary Plate 28332:
[0.12401982 0.08274492 0.04376255 0.21782929 0.17512301 0.04851842
 0.20789069 0.2739213  0.31882002 0.17906911 0.20331621 0.28157834
 0.27295742 0.22922377 0.2026292 ]
Std Summary Plate 29178_N:
[0.1921767  0.14997753 0.03704769 0.22826317 0.18097572 0.05083712
 0.20815684 0.27843073 0.30638462 0.23497912 0.20513542 0.29660829
 0.2678841  0.20965698 0.18850879]
Std Summary Plate 19635 _CD8:
[0.15915865 0.12752537 0.04085486 0.19402148 0.14653251 0.05529193
 0.20293211 0.23461763 0.32585924 0.20253408 0.1771694  0.27055258
 0.27206304 0.25113738 0.2553042 ]
Std Summary Plate 36841:
[0.18726323 0.12637993 0.04982336 0.23080538 0.17724982 0.0555098
 0.20483283 0.25111294 0.31933094 0.20000817 0.20094692 0.27859992
 0.28400605 0.25906079 0.18611014]

-------------------------
MSE Difference in Standard Deviations:
MSE Difference for Plate 28528_N: 0.00010665191335541465
MSE Difference for Plate 39630_N: 0.0006280235207083054
MSE Difference for Plate 28332: 0.0007738288618612185
MSE Difference for Plate 29178_N: 0.0009296903865633071
MSE Difference for Plate 19635 _CD8: 0.001445833480520181
MSE Difference for Plate 36841: 0.0005923459836910275

-------------------------
1D TVD for each feature:
1D TVD for Plate 28528_N:
[0.1682266982353117, 0.1542187545731376, 0.3247827225695727, 0.17180699461993024, 0.2744381028302839, 0.18658543142703313, 0.11872742781990939, 0.15104972487547946, 0.10624958952011132, 0.06166125291742665, 0.29579076046062774, 0.31633141978203716, 0.2289326099869679, 0.23293117492013582, 0.224725070672275]
Mean 1D TVD for Plate 28528_N:
0.20109718234734933
1D TVD for Plate 39630_N:
[0.2814603262300046, 0.47613908181834885, 0.16509827483415146, 0.8391303088285367, 1.2475073048078473, 0.5113198030856247, 0.19796086785560005, 0.19970660679133825, 0.19954579655446827, 0.5346996919585586, 0.35349375829578106, 0.16019737039101883, 0.19666183864107323, 0.3983063290618306, 0.16486119772026717]
Mean 1D TVD for Plate 39630_N:
0.39507257045829663
1D TVD for Plate 28332:
[0.2596058772609395, 0.28569919057009663, 0.31379365139205434, 0.470298613517527, 0.7664994203868176, 0.7039468263513359, 0.1738212190825465, 0.1374719694414137, 0.2669476294819444, 0.4615455538073837, 0.16511429197449168, 0.19621756686230218, 0.16925891452090547, 0.3246891979212412, 0.24454164468477352]
Mean 1D TVD for Plate 28332:
0.32929677115038486
1D TVD for Plate 29178_N:
[0.5288581924917342, 0.6845890560636091, 0.5454096880045218, 0.9438201226810978, 1.319591468491956, 0.7427946083277382, 0.23884644131462995, 0.3887545194104974, 0.4467301582060299, 0.2527163143821315, 0.1604225043618643, 0.34167259761938185, 0.5355620975016397, 0.45396322381746335, 0.4085356851252427]
Mean 1D TVD for Plate 29178_N:
0.5328177785199691
1D TVD for Plate 19635 _CD8:
[0.587492132538997, 1.0627665386504113, 1.0679975915035875, 1.24273095938829, 1.5304208601329545, 0.7210185913764772, 0.5208197464892582, 0.465352862525223, 0.4607535247084, 0.46588690467016836, 0.39985764308262073, 0.28878768696728974, 0.18974015240388734, 0.2738510168659605, 0.3663490163729113]
Mean 1D TVD for Plate 19635 _CD8:
0.6429216818450957
1D TVD for Plate 36841:
[0.3609489672596506, 0.38768474218211985, 0.3697400205723891, 0.39621171360708934, 0.6974583935233074, 0.7296280308152292, 0.3677798201822565, 0.619164070883597, 0.520973210321897, 0.33129228747345263, 0.44237644672252135, 0.4224813501179822, 0.5067096883828468, 0.3223634245256223, 0.22754271758507275]
Mean 1D TVD for Plate 36841:
0.4468236589436689

-------------------------
2D TVD for each feature pair:
2D TVD for Plate 28528_N:
[[0.11826560476569559, 0.20927914893626076, 0.18113296308300414, 0.13926772757442696, 0.3289671875975358, 0.3585834671450958, 0.2868912753470981, 0.329850495271215, 0.2590350357366811], [0.20927914893626073, 0.148298026830117, 0.1918564720642571, 0.17527090081692198, 0.33997101867591134, 0.37304080762928205, 0.3000200232037878, 0.34032205503823115, 0.28463107583332475], [0.18113296308300414, 0.1918564720642571, 0.10504556030784054, 0.13923031945953748, 0.3209072339331654, 0.349732889239299, 0.27202073292447093, 0.3457190484365299, 0.28250115087907113], [0.13926772757442696, 0.17527090081692198, 0.13923031945953748, 0.06107523746960429, 0.3027405148098511, 0.3309204452003657, 0.2467699311207847, 0.2544651199433081, 0.24127858365171703], [0.32896718759753574, 0.33997101867591134, 0.32090723393316545, 0.3027405148098511, 0.28699583190913924, 0.46977385507372227, 0.3773467477641462, 0.40915069653816044, 0.37097069376919184], [0.3585834671450958, 0.373040807629282, 0.349732889239299, 0.33092044520036573, 0.4697738550737223, 0.31592751644315625, 0.4256049019107946, 0.4343550309136227, 0.40948067832655916], [0.28689127534709813, 0.3000200232037878, 0.27202073292447093, 0.24676993112078469, 0.3773467477641462, 0.4256049019107946, 0.219397113184864, 0.38321900046272817, 0.3384103459502529], [0.329850495271215, 0.3403220550382312, 0.34571904843652984, 0.25446511994330817, 0.40915069653816044, 0.4343550309136227, 0.38321900046272817, 0.21645520562216067, 0.39936707698239854], [0.2590350357366811, 0.28463107583332475, 0.28250115087907113, 0.24127858365171703, 0.3709706937691918, 0.4094806783265592, 0.3384103459502529, 0.3993670769823986, 0.22429900980942663]]
Mean 2D TVD for Plate 28528_N:
0.2975299803558942
2D TVD for Plate 39630_N:
[[0.19580554372781675, 0.3395434065467557, 0.33297909962310435, 0.5894380074368804, 0.4209443045348138, 0.2658163558256782, 0.3063559292960005, 0.45779681329846345, 0.298901844307379], [0.3395434065467557, 0.19654978955130228, 0.3048341080890033, 0.5844377538650646, 0.41923676750500305, 0.2800803150949886, 0.29993917977731077, 0.4945621099817671, 0.2787488997578558], [0.3329790996231044, 0.30483410808900335, 0.1991552136346883, 0.5790155837350701, 0.4168299395092282, 0.26461757295788574, 0.3063584395770711, 0.48658138493846614, 0.3033893142165095], [0.5894380074368805, 0.5844377538650646, 0.5790155837350701, 0.5314979463764374, 0.6517700012411612, 0.5615140458296455, 0.5847675441875715, 0.6644460086531543, 0.5559390469854477], [0.4209443045348138, 0.41923676750500305, 0.4168299395092281, 0.6517700012411612, 0.3496592537315444, 0.42004963194107103, 0.4189134068480739, 0.584854082294417, 0.3874482311965072], [0.2658163558256782, 0.28008031509498854, 0.26461757295788574, 0.5615140458296455, 0.4200496319410711, 0.15817367138790786, 0.2993963730662717, 0.4218316933990856, 0.2415655638614081], [0.3063559292960004, 0.29993917977731077, 0.3063584395770711, 0.5847675441875714, 0.41891340684807377, 0.2993963730662717, 0.185997764884452, 0.4711357374143279, 0.2700590461788679], [0.4577968132984635, 0.49456210998176703, 0.48658138493846614, 0.6644460086531543, 0.5848540822944169, 0.42183169339908566, 0.4711357374143279, 0.39278413980180904, 0.4465333712713083], [0.2989018443073789, 0.2787488997578558, 0.30338931421650955, 0.5559390469854476, 0.3874482311965071, 0.24156556386140807, 0.2700590461788679, 0.4465333712713083, 0.16250952839253557]]
Mean 2D TVD for Plate 39630_N:
0.39991845283918176
2D TVD for Plate 28332:
[[0.17307717355287536, 0.26400516004664637, 0.36335033538652217, 0.5066866674542639, 0.25115141765774196, 0.2768526580961258, 0.2852726420104906, 0.3712534439013137, 0.33096008101424146], [0.2640051600466463, 0.12871676260035292, 0.3191276166640613, 0.527539821396485, 0.23104773758026598, 0.2811000318431176, 0.2609610007860518, 0.36632536721809617, 0.30387892339641753], [0.3633503353865222, 0.31912761666406125, 0.26267110912254926, 0.5811480719922713, 0.31916801798963024, 0.3497953132519107, 0.3612018409470858, 0.45004591269266847, 0.38418334551015865], [0.506686667454264, 0.527539821396485, 0.5811480719922713, 0.459232833589265, 0.49589498041653557, 0.5025224311031464, 0.4922937044255872, 0.5551615329483613, 0.5291192494502606], [0.25115141765774196, 0.23104773758026598, 0.3191680179896303, 0.49589498041653557, 0.16370785349103195, 0.28177587678622373, 0.2560154586525317, 0.39786686421730366, 0.30752650045605406], [0.2768526580961259, 0.2811000318431176, 0.34979531325191066, 0.5025224311031464, 0.28177587678622373, 0.17967933746202455, 0.2968728526324752, 0.38307605741866235, 0.3426907937578971], [0.2852726420104906, 0.2609610007860518, 0.3612018409470858, 0.49229370442558723, 0.2560154586525317, 0.2968728526324752, 0.16279810499831032, 0.4151958123013345, 0.3241004559490459], [0.37125344390131376, 0.3663253672180962, 0.45004591269266847, 0.5551615329483615, 0.39786686421730366, 0.38307605741866235, 0.4151958123013345, 0.3070683768402222, 0.40248263022826125], [0.33096008101424146, 0.3038789233964176, 0.38418334551015865, 0.5291192494502606, 0.3075265004560541, 0.3426907937578971, 0.3241004559490459, 0.4024826302282612, 0.24349844841574186]]
Mean 2D TVD for Plate 28332:
0.35575001500285025
2D TVD for Plate 29178_N:
[[0.23650240905228206, 0.5152984977936181, 0.6586486771396698, 0.3613287742368727, 0.310024395718924, 0.4231765537126202, 0.6718866676325188, 0.5135986561905235, 0.5112649037728783], [0.5152984977936181, 0.38805572504346064, 0.585233052143044, 0.5034751443162742, 0.4687854715259815, 0.6133707326338117, 0.7714061808306611, 0.6108059909462152, 0.6068042270073154], [0.6586486771396698, 0.5852330521430439, 0.43992429819093803, 0.5633371194913817, 0.5389462531815936, 0.6848965496903598, 0.8434887660295404, 0.7024610892761082, 0.6620967949518974], [0.3613287742368727, 0.5034751443162742, 0.5633371194913817, 0.25091597948803873, 0.3232239289769508, 0.47034000652708363, 0.6193084163831037, 0.5308798217212953, 0.4689259239819227], [0.310024395718924, 0.4687854715259815, 0.5389462531815936, 0.32322392897695085, 0.15939704818118178, 0.4138863141370728, 0.595121517892441, 0.5087640475934494, 0.44180344228805335], [0.4231765537126202, 0.6133707326338117, 0.6848965496903601, 0.47034000652708363, 0.4138863141370728, 0.3380351864224276, 0.7128479227545033, 0.5702527604721751, 0.5341555431981836], [0.6718866676325188, 0.7714061808306613, 0.8434887660295403, 0.6193084163831037, 0.595121517892441, 0.7128479227545033, 0.5194555010904548, 0.752205589388568, 0.6855218060448504], [0.5135986561905235, 0.6108059909462152, 0.7024610892761082, 0.5308798217212953, 0.5087640475934493, 0.570252760472175, 0.752205589388568, 0.4433327447795175, 0.6610856518554197], [0.5112649037728783, 0.6068042270073153, 0.6620967949518974, 0.4689259239819227, 0.4418034422880533, 0.5341555431981836, 0.6855218060448505, 0.6610856518554198, 0.4058192284748967]]
Mean 2D TVD for Plate 29178_N:
0.5431944753530489
2D TVD for Plate 19635 _CD8:
[[0.5207580873295476, 0.7076143468121733, 0.7399894149335616, 0.6932326760849203, 0.6605570857986889, 0.6010698457679073, 0.5592445185825383, 0.6426136971223346, 0.6877946143529223], [0.7076143468121733, 0.4581537726941026, 0.6672424498635662, 0.678787060910129, 0.60194503166728, 0.559188294865492, 0.5025165804978293, 0.5726260375091476, 0.6340301908710401], [0.7399894149335616, 0.6672424498635662, 0.4550377970062258, 0.6799711324284915, 0.5836505378929069, 0.5465392402856845, 0.4862263094496765, 0.5666429782616862, 0.6602346418512498], [0.6932326760849203, 0.678787060910129, 0.6799711324284915, 0.4602346733474676, 0.5941286771236388, 0.5658796487211192, 0.5047164499872916, 0.5494452854928173, 0.6380585839090077], [0.6605570857986889, 0.60194503166728, 0.5836505378929068, 0.5941286771236388, 0.39213104491571665, 0.5416713111050253, 0.43637957416272855, 0.5164456516697077, 0.5734113152668979], [0.6010698457679073, 0.559188294865492, 0.5465392402856846, 0.5658796487211193, 0.5416713111050253, 0.2689627486697429, 0.3626216304014913, 0.45749608988109347, 0.5469085923721233], [0.5592445185825383, 0.5025165804978293, 0.4862263094496764, 0.5047164499872915, 0.43637957416272855, 0.36262163040149137, 0.18505460641849322, 0.38108958039280705, 0.4767418493916894], [0.6426136971223346, 0.5726260375091476, 0.5666429782616863, 0.5494452854928173, 0.5164456516697076, 0.45749608988109347, 0.38108958039280705, 0.2578149876444154, 0.5084074737406906], [0.6877946143529223, 0.6340301908710401, 0.6602346418512498, 0.6380585839090077, 0.5734113152668979, 0.5469085923721233, 0.4767418493916894, 0.5084074737406906, 0.364383187470306]]
Mean 2D TVD for Plate 19635 _CD8:
0.5522563914117374
2D TVD for Plate 36841:
[[0.36699291708214854, 0.8480105129521524, 0.794560962371113, 0.5158331619730749, 0.5790973125592915, 0.5551443710443457, 0.6948970547430965, 0.5486175760974514, 0.4616667389507105], [0.8480105129521524, 0.6115594552725385, 0.7892291451829829, 0.7502580474338003, 0.7693225929450539, 0.8249357933103275, 0.8882057887430043, 0.83407892079972, 0.6796123849831665], [0.7945609623711128, 0.789229145182983, 0.5200678872565473, 0.6702391397118108, 0.7091418923741821, 0.7952072910487465, 0.8478951854157419, 0.7285927686850282, 0.5838973277142795], [0.5158331619730749, 0.7502580474338004, 0.6702391397118109, 0.330121040522407, 0.577364438840015, 0.5227374768750804, 0.6278377950732823, 0.5762348586577635, 0.41353147658003586], [0.5790973125592915, 0.7693225929450539, 0.7091418923741821, 0.5773644388400149, 0.44075580727661356, 0.6529988673388314, 0.6711289039980134, 0.6227136788797906, 0.5165064924130784], [0.5551443710443457, 0.8249357933103274, 0.7952072910487464, 0.5227374768750803, 0.6529988673388314, 0.4166435569610287, 0.6659272105169255, 0.5454002635530055, 0.49986413369167726], [0.6948970547430964, 0.8882057887430042, 0.8478951854157419, 0.6278377950732822, 0.6711289039980134, 0.6659272105169255, 0.4972248117599769, 0.6566062940682382, 0.5540351898213975], [0.5486175760974514, 0.8340789207997201, 0.7285927686850283, 0.5762348586577635, 0.6227136788797906, 0.5454002635530055, 0.6566062940682382, 0.2955736531462735, 0.4723504010344429], [0.46166673895071053, 0.6796123849831665, 0.5838973277142796, 0.41353147658003586, 0.5165064924130784, 0.4998641336916772, 0.5540351898213974, 0.4723504010344428, 0.22181791683712776]]
Mean 2D TVD for Plate 36841:
0.6245446907021726

-------------------------
Average Cluster Distance:
Average Cluster Distance for Plate 28528_N: 0.011717232871722463
Average Cluster Distance for Plate 39630_N: 0.02192447051331909
Average Cluster Distance for Plate 28332: 0.02698552510160872
Average Cluster Distance for Plate 29178_N: 0.014690609478133988
Average Cluster Distance for Plate 19635 _CD8: 0.01831317762819879
Average Cluster Distance for Plate 36841: 0.022378977861569976
